20 20
3 64 96
2 18
15 11
5 4
18 4
18 5
18 18
17 5
2 5
18 9
11 15
5 8
11 17
2 8
16 10
12 9
20 12
6 12
15 4
11 14
3 4
16 6
3 19
17 13
8 5
1 19
5 14
11 19
12 18
6 1
12 12
1 4
8 4
20 19
3 13
11 1
7 20
16 7
16 14
19 16
17 16
5 20
7 15
4 4
15 19
12 2
5 19
11 4
3 14
7 14
19 12
13 13
16 18
20 18
3 10
8 13
17 4
18 20
20 2
18 17
13 8
6 19
14 16
15 16
3 16
2 19
17 18
3 18
11 9
10 9
8 9
1 17
15 13
19 9
6 15
6 9
19 19
10 18
19 7
7 18
9 13
12 4
13 2
15 12
5 5
14 3
14 20
10 20
18 11
19 11
17 9
5 16
3 1
14 15
1 10
6 3
12 19
16 1
13 10
12 1
14 13
2 16
1 16
12 15
5 17
8 17
6 18
13 11
15 18
5 1
19 5
2 9
9 14
19 17
17 14
12 13
13 15
3 17
1 8
20 15
7 7
6 14
11 7
13 16
18 10
11 8
10 15
13 5
14 11
19 1
12 14
6 4
10 12
18 7
3 12
13 18
19 15
7 4
11 6
3 2
2 6
12 17
17 20
2 14
16 4
4 3
3 7
18 15
8 6
15 14
13 7
3 5
20 1
10 8
14 14
8 20
6 5
16 20
10 7
10 5
7 16
