40 40
17 272 320
6 20
8 2
33 2
6 40
27 25
4 2
14 24
1 5
23 30
13 5
25 7
25 34
19 31
16 1
10 20
1 37
12 32
8 20
3 3
24 14
9 39
16 40
6 21
31 23
36 21
13 40
11 2
31 28
38 28
38 25
40 7
21 28
4 9
38 17
25 25
32 21
22 3
22 35
23 32
23 27
28 26
13 33
10 12
28 33
33 8
18 16
10 3
5 13
5 31
39 24
40 16
5 16
27 39
22 37
36 12
12 1
25 28
4 26
20 20
9 32
30 33
26 26
4 38
2 25
27 8
9 5
4 28
35 11
3 8
18 22
32 15
29 36
28 22
10 9
10 23
15 18
14 34
7 34
39 40
2 33
12 18
16 27
28 16
18 25
2 13
14 29
4 15
5 22
6 13
34 28
16 2
1 13
16 22
9 14
21 3
7 13
26 20
9 11
11 10
4 31
32 16
11 14
19 6
5 6
6 4
17 17
14 4
40 15
22 26
30 37
2 7
31 34
17 32
19 23
33 40
17 13
2 21
33 18
23 4
3 25
3 35
12 10
32 4
22 30
31 9
10 19
4 40
12 8
25 35
28 39
20 25
3 12
12 16
35 18
31 10
30 12
1 1
11 7
24 6
3 7
30 35
27 1
12 9
35 40
2 30
3 13
19 12
25 29
7 8
1 16
11 34
22 21
28 12
11 40
21 11
27 30
37 24
20 4
6 1
22 40
12 3
15 25
38 7
12 35
16 3
37 10
26 39
38 32
22 9
8 33
30 27
11 12
24 12
7 33
24 35
3 9
34 20
19 8
19 2
29 17
35 34
24 28
18 34
9 13
7 19
1 8
8 27
4 33
38 18
34 16
21 34
35 2
25 26
11 33
23 14
35 6
16 24
36 13
19 32
35 39
33 20
8 37
3 32
5 28
14 33
4 21
24 27
15 8
7 2
15 23
6 12
20 16
39 21
7 12
15 16
33 24
5 5
13 8
36 3
21 16
20 10
12 17
29 9
11 31
34 31
25 14
31 31
21 24
36 1
4 12
1 36
25 16
29 34
3 22
2 28
12 34
11 4
21 5
16 25
18 17
39 9
23 12
21 18
40 2
22 18
38 5
27 21
20 12
7 9
25 5
21 30
15 6
16 5
2 15
40 19
28 28
14 25
4 24
27 9
6 31
16 13
5 32
2 2
33 36
28 30
9 26
19 25
24 37
15 40
19 7
29 31
26 31
1 27
10 30
8 40
37 17
26 29
30 19
22 1
18 20
30 3
4 5
21 23
5 18
24 20
35 7
15 12
6 38
23 22
40 23
38 30
25 2
27 29
4 17
39 35
26 3
12 25
1 19
32 3
32 23
22 10
34 36
1 40
28 23
29 7
1 38
11 37
2 29
8 19
11 15
32 34
18 14
26 34
30 13
34 8
5 29
18 24
18 8
26 33
4 39
18 35
21 19
11 26
8 16
7 22
32 14
23 17
30 7
36 31
26 25
7 7
23 21
2 18
31 1
3 36
9 8
17 27
18 15
32 33
22 34
28 1
23 40
24 3
5 36
18 29
38 39
9 37
39 28
22 20
32 31
33 26
22 17
29 20
8 36
32 22
38 16
30 6
9 27
26 12
8 11
34 12
28 3
29 32
31 11
34 38
33 14
12 29
40 39
7 23
11 19
37 20
31 25
23 28
18 3
27 22
27 5
40 22
9 1
33 30
9 10
29 21
40 25
19 27
33 38
39 27
22 36
27 24
40 40
25 40
20 21
40 14
9 18
24 4
16 17
23 35
11 23
8 4
31 30
15 14
1 14
26 6
13 19
14 13
40 34
5 11
39 2
34 6
8 32
6 17
35 35
34 29
32 13
26 7
6 15
13 4
22 6
35 25
18 19
31 13
13 7
8 18
13 16
18 37
9 9
37 29
9 33
29 12
4 10
17 35
37 21
40 29
12 27
19 29
3 21
34 23
13 11
18 11
21 17
31 7
14 36
30 2
38 11
39 19
23 24
9 25
36 11
13 10
2 22
33 32
11 1
4 1
34 5
23 2
15 27
12 37
36 40
7 31
6 11
16 19
8 28
20 11
5 37
37 31
28 13
15 32
39 13
12 21
24 15
35 9
9 30
32 30
10 29
17 30
24 31
33 15
23 38
7 27
13 1
24 21
28 19
2 32
4 23
27 28
23 8
35 24
40 20
22 33
38 4
12 15
10 35
21 15
15 11
10 1
38 36
15 17
16 6
6 36
9 34
32 27
4 16
39 29
17 23
32 39
20 7
34 7
30 17
33 17
35 16
36 28
14 12
21 33
6 19
4 14
7 20
21 25
12 31
24 9
10 36
29 27
23 37
27 16
30 1
6 37
39 7
15 7
38 34
40 4
36 34
5 15
32 2
16 34
15 35
34 30
14 7
27 17
38 21
30 34
35 14
17 18
3 11
9 40
29 35
25 9
36 35
26 15
2 3
12 5
33 7
19 13
22 8
22 32
6 10
35 3
24 7
22 23
2 34
32 11
19 4
40 13
30 36
19 1
10 22
27 10
15 29
27 27
34 32
14 16
30 10
38 40
18 2
7 40
1 7
32 8
25 38
5 8
3 18
34 27
9 6
22 4
4 6
9 23
14 27
2 19
17 11
3 24
13 31
36 38
16 9
37 2
14 28
38 6
1 28
