80 80
43 1088 1344
40 15
10 71
69 61
18 79
35 73
62 14
25 27
35 15
15 61
67 48
9 30
19 25
64 48
72 61
15 27
78 41
55 36
37 73
79 40
72 26
28 51
11 26
9 29
16 59
51 36
70 7
20 69
79 14
42 67
29 42
35 74
56 4
6 29
14 63
49 43
23 33
43 48
52 66
6 56
68 62
35 31
3 52
17 36
15 65
51 28
55 71
13 34
67 54
27 76
42 45
78 73
4 25
52 38
45 76
3 80
51 25
49 3
12 12
19 49
22 71
32 15
44 22
2 9
50 52
72 22
62 7
58 70
67 22
27 7
59 74
68 55
64 34
3 20
7 49
79 16
57 3
22 16
80 13
37 35
10 65
3 15
13 80
10 70
8 27
51 72
17 34
14 19
32 29
59 70
23 25
72 19
76 9
55 34
5 14
42 34
15 18
30 42
59 14
1 46
6 76
34 77
35 6
20 71
22 13
30 44
48 22
66 16
66 63
24 27
32 63
70 28
37 43
46 13
28 52
68 65
49 78
58 42
53 28
43 56
56 39
64 60
22 46
50 42
49 22
45 29
6 35
76 68
31 47
7 10
68 38
22 51
15 37
33 19
43 39
38 9
24 78
5 72
13 35
11 69
26 37
57 28
74 77
17 14
1 34
77 6
24 56
60 9
2 68
57 27
57 26
41 30
26 71
1 53
74 11
66 70
68 78
50 62
80 67
8 47
33 9
52 52
74 46
40 54
7 39
52 43
57 43
67 38
8 22
48 56
74 80
33 21
44 8
70 74
17 72
64 42
48 45
17 78
73 75
15 75
79 29
41 4
39 29
45 32
23 71
37 47
71 7
34 15
30 67
37 50
52 10
13 23
56 53
69 28
21 10
45 20
14 78
10 3
38 24
23 6
30 32
21 47
60 54
39 46
68 30
51 76
54 41
53 33
19 64
38 37
45 10
52 51
59 60
63 10
70 48
16 29
66 62
37 10
60 70
61 40
29 16
77 73
56 27
77 63
22 18
18 75
11 29
72 16
20 3
75 70
48 28
34 75
24 21
57 20
60 13
74 33
71 78
16 52
71 21
20 63
59 1
67 40
27 14
30 69
65 44
73 50
66 19
51 57
36 48
65 61
17 45
53 23
55 46
64 71
40 72
33 44
69 60
24 62
50 1
12 24
38 48
70 52
66 8
40 63
75 50
13 59
38 32
29 19
15 78
13 57
21 74
18 11
5 47
16 5
34 61
67 16
78 37
57 23
24 32
2 15
37 27
56 70
67 17
75 14
1 32
58 50
15 63
13 31
46 54
6 15
23 31
23 46
77 14
28 75
45 17
10 58
41 19
25 76
78 58
32 79
13 5
7 16
26 32
74 43
70 20
52 64
3 6
70 16
46 9
56 48
2 26
4 79
51 3
42 80
6 41
48 6
32 21
10 15
42 79
2 55
46 53
51 61
80 60
72 34
76 78
28 30
72 17
77 12
67 70
7 59
79 2
49 45
34 7
18 71
40 73
26 43
51 4
55 10
9 77
12 29
15 52
25 48
36 18
44 30
24 2
36 72
24 76
14 30
54 60
63 64
57 65
28 62
78 18
8 44
11 1
13 37
60 47
20 51
75 77
12 40
77 31
62 70
69 55
27 2
60 53
5 4
76 42
71 26
63 58
15 48
6 73
73 59
73 64
71 43
70 22
22 21
74 60
68 45
45 58
31 51
32 66
33 48
14 42
22 2
58 60
60 52
52 26
38 12
39 63
44 13
18 16
51 45
1 49
37 1
7 52
12 37
74 12
32 8
75 63
58 35
49 10
20 58
1 79
32 11
60 58
18 20
53 65
74 49
29 73
66 3
77 21
48 60
16 26
40 22
74 62
2 3
8 46
3 79
5 79
43 66
55 44
74 34
52 62
63 54
20 10
47 21
68 3
14 28
20 49
29 46
46 58
65 70
12 72
36 28
42 5
58 25
25 29
34 26
22 47
73 6
48 44
15 34
75 42
11 68
20 68
43 23
28 46
38 71
51 55
65 28
34 23
42 20
20 56
2 65
15 66
42 12
67 4
43 41
9 41
16 60
22 50
21 37
76 49
64 19
70 29
43 67
30 6
29 31
23 15
11 17
47 42
34 34
20 75
66 5
68 36
68 8
70 51
43 74
49 24
65 1
75 62
5 8
19 7
18 77
42 52
38 51
36 77
10 8
7 69
36 39
54 34
21 35
47 55
31 80
69 2
64 1
6 44
63 75
50 41
20 19
10 73
15 56
11 20
17 47
60 10
36 67
7 43
43 22
62 35
76 22
11 77
12 79
33 56
69 58
68 23
6 66
2 33
71 39
40 28
70 25
53 42
72 56
76 10
11 34
79 37
56 22
79 49
63 62
45 74
35 39
65 48
33 29
21 70
60 60
54 27
41 32
30 40
5 9
33 30
29 52
46 44
73 14
65 38
78 36
50 8
32 70
30 36
40 26
15 23
62 12
75 41
70 35
78 15
69 11
65 63
16 43
71 31
35 80
28 14
18 78
57 77
70 49
10 51
56 78
14 46
72 40
11 5
58 46
27 72
30 33
59 4
46 19
72 12
18 72
7 23
47 26
61 57
25 79
18 65
1 39
34 58
3 57
29 13
31 57
49 20
34 25
17 33
4 29
34 8
37 5
38 63
57 31
23 80
50 18
26 10
44 3
48 21
63 69
50 55
72 28
41 16
5 74
58 72
1 16
64 78
51 67
60 24
29 23
45 75
11 40
22 59
17 39
62 16
69 62
11 46
68 76
45 4
19 21
44 4
73 71
43 7
50 20
22 35
3 77
73 80
80 31
45 14
16 63
61 66
22 74
44 27
62 45
77 33
41 65
40 47
17 25
19 8
39 37
17 17
74 5
62 11
60 36
7 2
10 72
4 26
31 5
40 59
66 4
27 25
46 47
66 79
12 53
22 6
75 80
15 38
30 24
49 49
23 5
55 43
61 51
34 41
16 20
29 36
5 68
71 73
61 56
66 78
70 80
39 47
29 11
78 74
68 73
43 61
9 13
37 9
56 73
80 69
9 65
7 72
38 66
72 58
6 55
27 39
60 74
37 4
25 50
55 77
35 5
47 17
4 10
23 19
2 28
15 50
6 75
2 34
59 29
39 9
53 50
7 70
60 5
69 43
67 14
47 59
57 52
48 78
60 16
31 66
52 76
39 76
35 11
36 44
7 30
58 52
54 61
7 11
51 18
24 34
32 48
59 53
2 62
67 11
77 58
4 4
16 9
46 69
11 80
55 16
61 64
65 33
19 78
27 1
20 62
43 60
11 57
57 18
30 8
36 61
46 43
10 61
3 11
56 17
65 11
62 52
79 25
40 50
79 17
63 76
66 32
75 53
31 27
19 36
6 28
10 39
34 5
44 9
4 57
39 35
26 4
9 37
15 4
38 22
13 74
46 39
71 19
8 58
56 77
12 65
67 10
36 5
36 4
26 16
48 41
16 80
41 18
19 20
37 39
64 43
53 11
64 33
43 72
21 13
78 54
20 15
16 38
79 64
5 62
17 51
77 54
75 9
34 48
80 51
71 56
19 63
11 28
53 17
55 29
70 57
52 77
28 73
50 40
80 8
17 46
34 50
47 33
10 44
44 70
16 53
39 74
18 29
50 51
51 52
31 39
54 63
60 41
54 17
16 57
67 65
13 43
80 75
74 39
15 8
47 44
44 76
45 21
3 24
40 51
19 73
22 55
29 14
49 58
80 35
30 76
42 47
61 45
57 2
69 73
34 39
67 75
14 35
75 47
68 71
29 50
20 37
70 21
46 64
64 65
77 60
7 4
8 9
33 74
24 70
46 72
19 71
59 8
24 24
5 50
36 10
7 42
48 55
23 27
37 65
76 8
39 39
56 7
58 61
50 54
5 58
14 67
49 16
55 25
1 9
34 33
60 23
41 7
77 16
70 15
37 38
3 38
21 16
71 77
18 74
36 65
56 25
59 50
3 70
48 43
19 15
39 80
40 7
10 35
77 62
42 66
62 75
15 77
7 53
42 17
77 70
7 57
32 37
51 51
19 80
34 16
71 70
26 2
57 61
1 15
58 10
76 70
11 61
72 35
23 3
53 71
47 25
63 57
49 12
15 79
33 61
72 57
40 77
35 66
27 47
36 34
39 5
72 65
38 6
65 66
47 60
3 60
37 54
17 73
11 75
59 23
58 69
4 13
4 62
39 51
18 4
69 1
12 6
50 48
40 43
61 2
58 43
35 19
62 17
10 5
71 64
35 25
37 55
62 51
56 31
1 8
7 1
26 72
64 18
5 17
34 63
16 8
74 27
33 46
31 8
71 28
57 68
14 64
43 43
72 54
33 6
56 66
9 33
30 60
43 26
58 68
5 20
15 39
56 11
21 27
9 18
69 57
71 9
4 27
75 64
56 51
34 14
68 43
33 59
41 79
35 22
28 70
39 4
17 52
76 25
78 51
71 34
14 76
63 12
47 51
75 36
8 4
62 10
80 52
27 63
19 31
47 32
34 40
23 49
54 28
74 54
70 47
70 55
67 59
18 63
79 23
48 32
8 10
22 78
67 27
7 76
28 74
53 56
74 73
46 52
72 27
54 69
79 8
42 75
63 19
71 44
36 49
8 40
45 52
61 60
19 32
78 42
17 29
5 19
73 69
11 15
53 70
4 22
45 71
34 76
58 9
51 80
30 68
79 44
12 25
17 20
42 46
69 27
39 57
52 74
20 11
61 1
24 50
37 60
61 24
70 13
58 8
62 33
4 31
6 3
27 6
40 56
11 25
50 56
68 39
53 10
58 12
37 69
7 9
70 54
2 13
65 79
62 4
14 79
2 16
62 1
6 58
12 36
30 39
48 49
59 41
11 53
70 30
55 69
49 79
26 55
53 46
49 41
56 6
5 29
44 50
78 46
34 21
66 71
15 45
3 56
7 65
62 72
2 64
36 58
23 12
39 8
71 61
46 16
16 71
72 8
66 56
24 37
4 61
80 79
25 42
12 16
30 28
71 6
46 25
38 5
53 20
52 35
68 42
41 23
27 29
47 56
63 26
1 75
72 41
32 16
74 74
34 72
34 73
1 76
65 24
57 59
28 79
54 6
30 5
28 57
54 20
35 24
7 63
36 19
69 69
41 71
60 35
14 44
36 22
66 42
37 30
69 3
54 10
43 34
8 26
31 38
39 20
16 49
30 41
49 48
13 21
74 31
65 15
48 59
68 34
12 7
78 59
73 51
34 19
21 29
72 29
59 39
27 69
63 29
63 9
43 40
54 43
46 68
48 31
13 22
32 44
15 58
29 72
1 56
77 20
46 38
47 7
6 9
37 52
56 26
47 40
22 14
72 4
78 5
49 68
50 68
38 57
40 55
32 53
10 50
27 37
1 25
27 80
46 30
48 9
29 4
24 6
8 43
77 36
64 58
39 66
52 32
23 61
37 17
8 38
55 64
70 70
4 75
70 37
40 20
64 20
64 38
67 33
18 31
29 64
40 61
39 27
66 24
8 7
40 80
34 64
22 23
31 54
9 8
22 26
10 49
55 60
61 31
48 62
15 44
79 80
21 50
25 3
51 49
24 16
17 11
49 76
19 58
20 20
79 60
26 8
64 57
41 22
30 35
74 26
17 27
73 78
38 61
4 34
42 25
17 56
15 12
63 66
11 49
78 34
59 45
55 39
20 79
31 42
41 49
15 17
76 28
80 57
50 13
36 27
32 40
39 12
18 36
21 58
45 28
38 7
23 1
15 64
30 25
57 15
42 9
22 20
41 48
63 41
42 28
70 44
78 50
37 2
66 60
32 26
2 14
9 47
7 6
42 70
77 17
25 22
9 3
80 48
51 65
13 66
11 64
48 2
74 22
74 28
41 11
53 4
59 46
53 64
1 6
14 71
41 31
32 18
16 79
51 26
45 68
74 16
78 67
21 77
15 62
6 50
67 37
75 72
54 78
69 38
41 1
22 70
77 28
75 44
21 48
47 79
76 52
30 80
29 18
59 31
57 9
14 41
27 68
65 37
34 3
31 33
13 63
42 27
37 23
39 73
44 45
46 48
23 11
70 63
27 13
74 35
54 14
33 75
46 18
55 47
78 25
7 33
37 44
76 53
58 18
34 53
6 4
48 13
7 75
59 43
60 8
4 53
79 67
43 32
67 26
16 70
70 18
33 34
10 7
46 20
45 2
28 77
43 63
41 70
78 12
35 77
26 29
73 47
78 80
63 61
22 79
65 72
47 18
66 69
69 70
70 6
65 21
62 36
21 40
20 64
80 64
5 59
61 32
55 53
61 80
27 79
44 47
72 79
7 66
12 69
26 61
7 29
6 1
9 23
46 77
11 45
29 77
48 48
78 78
52 75
40 33
33 38
19 53
43 16
62 9
32 56
14 52
40 74
38 35
14 55
60 38
14 32
61 23
50 74
17 31
59 19
78 68
63 46
4 11
38 25
17 37
43 4
36 68
18 51
36 29
52 56
46 42
66 25
51 62
6 36
3 26
64 56
4 12
53 60
25 8
29 10
48 18
16 68
59 10
61 5
58 55
6 26
27 28
36 51
6 34
33 51
50 36
63 23
53 58
17 40
37 33
52 54
20 16
56 9
36 60
63 45
61 7
30 51
78 35
20 30
28 19
23 66
31 52
74 18
3 43
80 34
36 66
28 63
68 46
50 78
18 8
45 70
39 50
72 69
67 55
26 77
27 74
76 76
71 29
55 31
11 3
71 59
14 53
44 72
34 6
38 46
63 44
11 21
5 64
51 66
51 41
39 26
41 42
4 56
22 3
21 34
30 62
51 34
47 34
60 49
3 37
15 47
18 15
23 16
64 9
18 80
26 68
60 39
29 8
80 80
43 3
55 59
29 74
30 1
51 70
19 6
24 49
29 27
1 54
40 35
15 14
54 80
37 28
44 19
48 34
51 23
55 27
31 11
46 76
60 17
78 66
63 35
53 66
64 11
63 17
16 56
55 40
39 68
22 68
59 27
20 33
15 74
50 24
78 10
1 23
62 56
21 39
71 68
26 22
65 50
11 47
42 1
8 57
63 72
31 12
31 79
76 64
23 72
71 75
3 30
16 35
49 31
8 20
6 21
9 48
46 49
61 38
68 9
73 38
26 34
50 21
61 78
33 76
44 6
52 27
14 77
20 65
16 32
27 44
41 39
12 51
31 15
28 34
22 38
10 34
75 45
55 32
80 9
16 67
23 43
65 41
11 8
64 22
58 48
62 28
75 71
47 12
20 70
11 13
18 30
13 30
77 75
29 15
12 73
31 62
14 57
43 51
37 21
60 31
5 42
67 79
22 56
18 52
1 7
14 43
48 33
13 78
72 14
26 12
68 26
34 52
34 28
10 22
26 80
80 41
43 13
13 13
64 76
34 44
68 74
57 11
25 15
53 3
80 20
44 41
75 43
76 60
64 66
58 63
11 62
45 79
3 44
39 45
33 42
52 78
24 35
4 76
59 78
74 37
43 17
44 55
19 72
1 64
5 54
12 52
45 72
57 64
16 54
78 44
8 12
78 22
65 27
34 74
30 63
47 22
67 36
45 65
50 29
27 30
67 7
74 59
35 56
73 23
32 32
48 72
28 36
61 10
3 35
69 24
50 3
68 41
46 23
46 61
1 26
27 15
21 8
23 63
68 68
2 56
19 67
43 80
6 60
76 43
78 56
51 30
50 67
33 71
53 76
59 16
71 27
79 61
8 68
10 12
58 37
69 64
2 7
59 12
9 53
65 40
20 25
28 11
48 79
19 40
53 34
36 1
77 37
37 72
79 71
62 37
18 68
72 3
25 80
51 64
67 5
42 51
5 2
78 61
69 48
49 15
48 52
29 29
18 34
55 74
24 71
71 65
26 78
40 62
50 61
5 1
66 50
59 9
65 8
68 27
71 11
9 9
8 28
58 31
11 41
27 77
68 21
51 13
56 3
68 12
64 10
56 72
52 68
47 9
42 10
52 4
9 26
18 6
43 44
48 35
59 2
49 60
18 7
19 38
17 57
11 42
14 36
32 9
70 31
38 17
37 61
50 23
73 24
4 5
57 49
36 41
41 26
5 43
52 2
1 2
56 76
43 62
3 67
35 46
28 48
3 1
24 29
36 35
51 77
39 60
9 51
15 49
80 19
55 28
3 33
48 11
35 13
13 46
28 7
30 31
52 13
69 41
37 71
42 15
33 43
18 54
52 23
12 61
76 14
29 59
23 29
72 13
14 45
29 63
45 31
7 27
57 79
11 67
12 30
26 17
52 45
2 66
59 56
40 64
51 9
80 18
2 23
13 32
24 38
35 69
75 30
58 6
22 44
4 37
52 17
31 58
29 75
60 15
69 67
32 77
65 45
64 2
48 66
73 65
12 57
35 36
39 65
14 33
48 46
65 30
24 25
12 67
63 71
35 55
70 27
13 77
65 74
7 54
23 57
47 68
42 13
9 6
70 1
42 72
71 8
18 17
78 75
15 6
48 73
79 22
32 24
11 24
4 41
1 66
7 51
13 39
37 74
29 30
33 58
29 1
5 60
63 39
53 8
41 51
50 5
8 19
2 31
10 67
22 32
24 3
4 52
8 48
45 62
70 78
44 35
40 75
18 69
80 56
61 14
72 66
9 4
12 59
9 42
48 16
45 51
2 43
72 37
19 56
28 26
33 69
61 28
38 21
4 18
5 56
30 49
5 35
65 75
76 37
35 49
39 41
44 46
17 23
18 9
30 16
48 10
42 43
15 46
31 20
28 66
74 20
26 59
54 76
71 63
7 73
57 21
26 42
46 8
54 1
26 23
59 47
78 28
70 26
21 41
71 4
31 43
56 12
30 4
10 30
58 66
17 8
13 55
64 28
24 7
67 61
44 74
10 19
74 29
31 77
12 31
40 69
21 21
14 58
19 13
20 67
63 32
33 57
27 36
23 59
80 66
4 72
51 5
77 66
27 60
9 74
67 12
69 50
58 38
51 37
57 71
73 15
65 10
11 16
29 2
52 14
45 56
63 59
20 60
62 74
59 6
11 38
15 42
39 14
53 74
61 13
52 73
26 1
57 7
12 60
39 72
7 64
14 59
28 10
58 41
28 6
33 52
69 40
78 40
46 17
39 69
77 49
69 53
31 1
80 65
42 42
49 37
74 64
80 14
66 26
20 12
27 67
75 76
43 68
43 77
52 22
41 21
66 9
49 53
71 80
35 44
8 73
38 23
60 11
54 44
26 64
17 30
45 22
18 50
54 16
8 18
18 10
21 61
77 40
42 54
55 49
3 69
47 37
67 19
44 79
29 39
26 54
55 33
52 59
7 14
13 54
77 5
64 31
14 69
32 78
4 74
44 65
76 69
23 62
40 29
23 9
12 75
63 67
4 6
23 56
63 40
69 63
68 59
14 17
11 56
4 46
29 61
69 14
60 48
26 18
78 38
12 46
15 30
6 72
25 47
65 76
49 42
4 65
34 54
73 66
60 19
21 68
34 46
79 4
41 10
61 77
17 68
43 79
29 68
27 3
50 63
11 55
35 45
33 7
49 69
9 57
75 56
64 23
55 38
11 43
54 15
3 28
63 73
77 35
39 10
46 66
24 20
68 61
14 66
27 12
15 53
46 80
52 9
37 12
62 5
28 20
80 17
6 59
60 40
38 40
17 35
80 53
40 30
16 21
40 66
56 29
34 71
25 36
32 51
10 21
54 42
61 69
75 48
61 3
2 60
3 34
8 37
73 77
8 54
41 25
14 15
19 46
2 74
12 54
74 63
43 9
73 27
19 77
76 16
6 51
70 72
69 77
62 65
52 55
78 47
29 51
6 68
16 65
37 19
13 11
50 19
45 40
53 14
67 2
20 43
59 67
24 79
75 38
1 11
57 69
22 7
21 26
71 5
66 38
34 57
55 68
36 57
30 78
3 58
61 70
49 64
33 1
62 31
42 59
70 77
79 21
39 79
31 13
31 18
33 63
35 54
47 45
69 16
50 7
16 1
21 2
77 71
13 73
68 15
34 79
38 10
17 61
12 74
21 1
66 51
67 28
23 53
14 26
21 80
42 44
66 76
36 62
12 27
64 16
62 6
4 19
20 46
34 66
50 47
20 54
55 62
49 25
58 51
25 74
79 27
66 35
4 77
77 1
6 31
67 51
42 22
10 38
37 42
49 21
59 22
7 18
43 73
39 17
67 73
11 22
78 72
48 8
22 36
75 67
69 29
47 53
23 40
68 24
76 80
19 65
64 67
24 22
1 29
66 12
15 72
26 3
5 36
29 76
38 30
27 54
73 54
37 48
15 41
77 55
25 73
74 72
43 5
33 68
50 45
22 1
2 73
16 4
76 71
53 12
26 40
33 8
6 40
51 59
41 47
19 3
64 62
27 18
30 7
38 14
78 9
57 76
38 45
71 38
29 67
58 78
38 4
48 39
19 35
56 34
17 22
79 57
56 75
69 37
11 50
74 9
56 79
8 63
61 39
3 7
35 62
68 69
54 18
8 78
70 2
8 25
62 80
36 16
51 6
25 35
22 69
29 47
80 44
20 4
57 74
6 43
17 21
58 56
1 17
67 43
3 21
53 32
19 47
69 9
1 21
5 49
69 7
34 37
30 70
43 24
73 45
74 3
77 53
34 51
56 40
30 48
35 41
3 66
77 9
26 49
26 69
45 63
20 41
38 78
34 62
23 34
65 62
7 34
66 54
56 47
27 10
48 75
60 59
70 14
43 78
75 29
2 77
38 75
3 2
69 23
5 5
9 66
27 75
59 30
53 16
76 54
59 71
60 51
80 74
12 62
38 44
77 4
31 64
41 13
3 23
55 20
31 45
71 18
35 20
61 26
50 80
26 70
63 37
16 28
44 75
4 59
37 58
61 75
75 55
21 55
6 77
48 61
80 10
12 44
25 75
18 46
73 46
44 52
40 36
61 55
50 65
67 31
