40 40
17 304 368
31 12
12 7
36 14
16 3
18 18
30 31
15 28
6 28
30 20
22 3
24 32
28 15
30 16
30 27
12 28
26 11
2 38
28 20
28 29
2 14
7 2
12 11
20 22
8 2
2 32
22 16
25 28
17 14
34 2
20 5
31 24
20 8
10 30
38 13
36 35
14 21
28 36
6 14
3 12
30 19
34 22
30 34
26 12
2 16
33 24
4 22
30 2
22 11
38 25
16 19
32 22
20 36
8 34
23 26
9 18
14 12
4 8
22 26
16 7
4 26
34 8
20 9
24 13
34 24
12 37
37 2
33 18
16 6
11 36
25 18
8 38
18 22
34 4
28 21
35 18
6 30
38 37
11 2
11 38
22 14
14 6
24 20
2 4
21 26
14 20
5 24
10 11
6 5
31 20
12 38
6 33
6 13
10 18
36 31
2 15
4 20
23 36
20 13
22 34
37 38
10 12
26 23
24 30
16 25
36 13
12 30
38 2
7 16
23 16
4 2
16 38
16 13
34 18
12 4
20 20
28 6
26 21
28 14
6 17
25 24
19 4
10 34
38 26
30 18
28 3
18 28
27 2
34 30
37 10
4 37
6 31
6 26
10 8
8 36
12 24
21 2
8 33
35 12
20 2
6 37
22 32
30 15
18 8
36 18
31 26
18 15
12 14
30 32
2 2
18 24
20 30
36 24
9 12
22 2
38 8
4 9
7 6
16 22
14 28
4 29
3 20
32 38
20 38
38 31
32 28
29 22
8 10
2 26
25 14
24 2
34 37
15 10
15 20
16 35
17 6
5 8
24 26
35 16
12 16
34 32
26 6
22 23
14 15
2 36
8 4
18 23
28 32
3 34
9 38
2 9
10 32
13 10
38 35
24 7
5 26
28 37
2 7
22 20
36 36
7 26
22 13
30 28
6 11
30 30
4 38
30 3
13 2
26 18
32 32
38 6
2 21
28 34
2 13
29 10
25 38
5 4
15 16
37 18
27 12
10 3
3 18
32 37
28 8
18 37
38 24
16 28
8 29
27 18
32 36
18 2
17 2
27 36
4 34
13 30
16 23
32 24
24 10
10 14
10 15
30 38
34 12
33 34
36 26
4 14
22 5
26 5
2 25
26 36
6 10
22 4
36 12
19 26
35 4
14 36
31 10
13 22
38 4
26 24
28 28
30 12
26 9
36 33
8 32
21 24
24 8
12 10
34 34
16 26
12 15
38 3
10 29
38 9
12 26
26 22
28 38
8 28
30 35
29 2
18 9
20 17
10 22
18 4
23 14
28 4
16 12
10 38
26 30
14 30
10 35
4 30
32 30
2 6
16 32
19 14
35 26
12 18
6 24
14 2
6 34
23 18
30 36
36 20
5 32
18 38
20 32
33 4
30 8
38 36
6 38
20 11
2 28
22 6
20 28
12 36
4 4
30 7
18 20
14 10
13 32
38 5
2 18
15 4
24 16
14 33
13 24
26 2
28 13
20 16
16 18
13 14
26 35
36 6
9 26
3 22
33 16
33 8
12 13
27 26
12 32
15 38
13 18
32 10
11 24
38 29
18 11
29 24
12 2
7 18
26 38
21 38
30 10
16 10
15 26
29 38
6 18
10 6
34 28
38 12
22 33
37 22
5 2
3 2
7 38
38 18
7 24
30 11
22 22
20 18
3 30
35 28
4 23
26 28
24 28
9 22
18 14
20 19
10 7
35 22
20 6
36 15
2 20
18 30
17 38
26 26
8 20
24 24
3 16
24 22
11 8
23 22
16 24
8 8
8 30
12 27
34 26
30 26
30 29
31 14
28 33
17 30
28 10
22 31
7 14
23 20
2 17
6 16
30 6
38 11
5 38
36 32
35 10
2 30
14 4
24 34
4 33
33 20
9 14
7 8
8 14
38 16
26 10
22 12
34 36
15 36
22 24
4 28
36 28
2 5
38 14
2 27
19 20
18 33
4 19
38 27
22 10
35 24
35 2
34 10
36 25
18 31
22 36
9 2
18 17
2 29
16 21
2 10
6 2
16 14
28 27
38 19
11 10
35 36
9 4
6 21
20 26
8 12
10 2
28 26
2 37
32 34
36 10
4 13
2 24
33 10
25 32
28 24
36 34
6 12
24 6
28 2
33 32
14 35
2 8
2 31
9 32
24 11
36 8
12 21
4 7
9 6
24 12
18 32
36 29
18 27
14 27
37 6
32 17
25 6
20 24
21 10
8 24
38 15
11 20
5 16
21 16
11 34
25 16
30 14
20 21
29 8
21 30
32 16
14 16
28 19
31 4
9 20
29 6
32 26
22 38
34 6
8 23
23 38
6 32
20 37
14 32
10 16
8 16
33 6
32 20
4 36
3 26
20 10
16 36
18 13
4 3
21 32
20 35
20 7
19 24
24 38
8 22
26 33
33 22
24 21
18 26
36 38
25 26
15 12
14 26
26 8
37 26
4 16
10 20
22 37
34 38
16 33
10 4
7 30
27 24
13 4
4 24
7 28
10 26
12 34
3 36
34 14
16 20
16 4
22 7
10 28
22 8
23 8
34 20
30 22
18 10
4 18
20 14
24 14
26 29
4 6
32 4
24 36
16 17
31 22
2 22
24 35
22 30
6 36
24 33
38 34
32 18
6 22
32 25
18 12
28 5
30 4
29 34
34 31
28 22
28 18
38 10
19 2
33 28
35 8
12 12
28 30
32 12
36 16
32 2
25 2
19 30
38 20
12 17
12 8
12 25
24 3
7 20
24 4
14 8
36 22
32 9
13 38
14 18
12 22
31 38
33 38
2 3
15 6
23 28
8 35
16 34
18 16
12 29
36 3
34 16
10 21
17 28
14 38
8 18
34 33
26 32
38 28
18 7
11 30
33 14
25 30
26 4
22 19
22 29
16 30
35 20
30 24
10 17
33 30
32 14
36 2
10 10
16 8
22 28
33 2
20 12
14 7
12 20
31 36
26 14
30 17
38 32
14 22
11 26
16 16
26 34
10 24
12 5
4 10
2 12
24 5
14 14
18 34
36 30
38 33
2 35
31 32
