20 20
4
52
85
2 3
17 14
2 19
20 18
18 2
2 12
14 7
7 9
8 11
9 17
9 6
20 13
18 7
9 4
18 12
19 11
6 16
16 7
9 7
7 7
12 18
11 16
13 1
7 20
19 12
1 3
2 11
16 19
7 3
2 6
19 5
2 8
3 14
14 5
4 2
15 20
8 5
6 14
12 17
8 8
18 20
16 11
14 12
9 13
11 11
15 18
16 18
8 20
15 12
9 18
6 7
13 17
17 18
20 9
6 4
4 4
5 2
2 13
17 8
9 10
4 18
8 18
8 15
12 5
17 15
12 14
17 19
16 5
12 2
19 17
6 12
11 12
8 1
12 3
5 11
14 2
10 8
13 9
8 9
12 10
20 20
5 14
11 15
13 11
13 18
10 14
15 14
5 1
8 16
18 15
6 18
6 17
3 16
19 20
16 20
4 19
19 8
18 11
17 11
20 8
13 8
1 6
3 2
13 12
12 13
17 17
10 2
10 12
4 16
19 15
15 1
14 1
17 5
11 10
11 9
8 6
2 10
3 13
10 18
20 5
5 9
7 10
2 9
13 5
10 6
1 4
13 16
14 18
8 13
7 6
13 14
9 11
1 18
20 2
12 11
14 10
5 6