80 80
67 1216 1600
72 22
34 40
56 53
8 29
2 72
36 58
68 14
67 76
16 12
14 67
35 52
17 22
20 72
10 64
4 74
36 20
44 14
70 42
32 29
6 60
68 28
50 56
62 66
47 56
12 34
14 50
16 31
15 26
60 8
28 76
42 6
57 48
32 30
44 11
10 38
44 72
18 52
67 30
40 54
19 38
2 77
64 57
62 35
46 30
54 57
33 14
76 64
42 37
12 63
48 36
42 10
32 26
56 8
58 4
40 57
13 40
36 10
32 12
26 24
54 10
52 32
40 28
52 3
6 67
41 44
40 47
54 12
12 20
5 26
46 58
58 14
4 58
29 50
15 10
60 76
48 3
59 74
64 58
68 2
48 58
16 24
68 22
24 15
74 73
62 39
46 14
18 7
56 77
15 62
76 75
22 21
7 66
78 76
45 8
4 54
6 12
39 10
78 3
74 11
47 6
4 52
34 68
3 26
16 46
68 36
6 18
32 36
77 10
60 24
11 22
52 26
46 15
50 65
26 14
60 54
48 8
34 78
30 68
72 12
52 29
54 48
54 70
4 33
40 44
78 78
41 14
6 13
37 16
16 32
71 16
46 73
37 10
76 74
38 16
78 48
32 66
16 40
41 22
54 65
78 34
44 6
67 18
78 59
69 24
5 68
76 13
10 21
66 62
58 70
12 52
60 44
54 4
18 38
10 60
18 24
64 34
33 62
50 10
44 17
2 2
64 45
70 51
26 10
68 8
59 54
36 25
11 74
13 36
4 34
12 29
34 7
64 14
40 68
48 69
78 66
54 39
22 72
8 14
6 42
8 18
72 38
77 34
72 19
50 11
62 45
51 56
77 78
43 32
68 64
56 74
56 11
10 3
10 59
5 22
62 74
37 38
32 48
68 56
6 6
7 58
48 37
71 78
42 20
70 20
32 58
71 34
19 78
7 52
74 10
8 66
4 41
24 61
12 62
35 2
25 64
9 10
41 50
14 4
22 36
74 60
24 36
64 55
44 64
54 40
6 32
22 30
38 38
50 27
30 62
29 46
54 32
31 10
44 9
73 76
74 72
40 63
78 2
46 66
23 68
26 71
40 14
55 16
16 48
71 48
59 4
10 29
54 50
34 19
38 20
50 49
44 16
16 44
42 76
4 60
35 50
18 50
76 34
50 53
68 66
23 42
50 36
74 16
16 36
73 74
8 69
36 21
36 64
58 42
2 34
20 69
25 22
8 49
33 52
26 43
39 36
49 76
48 4
11 46
46 55
20 56
60 5
74 77
65 52
34 26
26 55
8 40
70 76
68 58
78 36
56 78
76 30
48 67
24 29
48 13
54 26
62 17
52 22
73 32
78 67
57 72
78 73
33 12
2 7
64 75
28 28
76 42
20 12
8 46
34 62
26 16
53 78
16 52
20 17
45 4
40 13
40 37
8 5
17 16
23 36
44 27
66 16
29 4
14 12
60 48
39 76
3 48
2 6
52 64
51 20
48 24
7 34
32 47
60 28
36 50
24 10
63 12
50 59
67 10
49 60
60 50
10 16
76 54
38 3
14 6
18 4
36 38
29 12
8 52
58 32
52 60
78 72
9 54
54 75
67 34
4 4
64 42
16 8
6 15
52 47
26 64
70 45
22 53
2 19
21 62
24 19
58 74
61 78
45 78
61 50
32 16
70 14
69 38
37 36
66 4
46 62
28 36
64 62
16 11
58 54
26 40
28 35
74 34
10 18
31 64
68 4
74 63
62 5
55 78
16 54
6 59
32 5
51 62
72 60
16 55
5 56
28 72
66 77
68 34
70 48
8 33
52 14
34 64
56 18
46 52
25 4
50 24
70 34
32 44
49 42
42 41
30 16
66 2
43 48
78 6
76 24
69 68
44 49
46 29
64 28
64 5
23 38
54 76
36 31
2 22
58 16
42 28
50 8
42 50
40 58
2 62
33 78
48 51
6 63
74 40
75 24
74 12
29 42
46 70
17 78
6 66
69 30
21 14
34 43
30 50
20 48
4 14
34 66
70 49
78 56
19 22
26 75
48 54
30 60
22 12
54 5
14 11
34 17
20 15
54 11
76 43
22 20
44 71
64 12
49 78
16 6
70 39
70 55
64 70
20 10
31 40
9 72
68 10
64 24
42 58
24 62
9 2
62 61
70 10
78 68
41 64
22 71
50 64
2 9
66 18
6 19
58 27
18 36
28 55
57 34
6 62
64 48
50 63
8 68
52 45
22 40
72 65
64 2
72 39
18 26
27 30
44 13
58 20
66 60
76 28
60 20
62 71
66 53
16 56
58 34
40 59
49 40
76 18
54 2
2 61
15 18
14 27
75 8
51 22
62 58
20 7
5 4
43 38
18 68
10 48
66 45
4 16
64 76
2 43
26 58
74 17
24 57
4 19
42 57
48 12
75 26
60 62
63 22
52 8
46 4
74 76
2 27
24 42
54 45
71 30
26 22
2 4
18 76
69 70
50 7
33 8
28 45
60 56
30 24
56 62
46 18
28 74
14 23
30 52
47 44
40 76
6 10
32 22
63 58
20 34
17 74
41 34
72 18
10 31
23 2
58 78
77 24
8 64
6 56
10 78
16 78
63 2
50 75
26 56
42 46
68 44
54 44
50 20
16 50
32 10
51 8
50 12
15 70
40 26
28 44
8 9
72 10
71 40
60 16
72 40
41 48
34 75
54 61
28 15
22 50
70 40
6 34
27 26
70 70
52 48
59 52
41 58
29 68
12 2
28 34
6 38
26 26
50 72
27 58
13 76
24 54
38 23
6 37
39 6
42 26
58 50
50 34
60 77
68 70
50 74
66 28
25 36
24 50
7 38
74 64
19 42
12 11
40 18
5 24
14 44
33 20
72 36
26 50
34 14
74 26
32 17
38 49
52 78
76 55
57 60
6 7
16 42
2 41
11 36
18 12
26 8
46 28
70 30
70 68
73 50
27 16
7 54
48 16
75 2
40 33
38 48
58 41
44 22
66 58
4 37
34 34
14 14
66 25
6 50
66 24
2 64
40 10
54 63
30 31
22 4
74 50
50 42
37 62
38 70
12 33
58 57
59 48
62 56
69 66
42 60
3 18
28 7
30 61
73 60
14 16
28 62
29 66
10 50
44 20
20 45
28 40
77 50
50 18
78 29
24 14
46 12
32 11
70 72
58 30
21 30
54 66
58 63
34 12
57 56
17 72
76 60
30 72
37 24
8 56
23 66
66 48
13 50
61 68
22 44
56 67
42 16
22 63
8 20
76 48
2 56
52 50
10 14
57 46
54 68
67 14
46 53
59 2
14 18
37 44
55 42
66 66
32 70
34 31
72 52
24 39
6 14
65 70
46 71
76 29
24 12
8 36
62 48
16 64
49 74
70 60
30 74
72 78
74 14
29 2
19 36
54 55
50 73
60 14
41 46
43 26
69 10
72 32
39 20
18 20
70 33
72 66
57 58
42 4
76 50
47 40
6 53
48 61
70 67
62 32
38 52
44 4
12 68
24 40
26 61
2 42
6 78
11 70
43 20
56 63
30 46
11 44
63 8
16 4
40 42
4 20
22 27
68 65
15 6
38 14
50 2
26 33
6 36
40 74
16 45
74 32
48 32
77 46
64 49
40 64
20 35
42 77
72 44
46 6
63 26
55 74
26 44
22 46
22 22
42 40
20 8
30 73
26 34
19 40
74 41
64 44
46 78
28 6
28 71
2 15
30 38
26 59
30 34
44 66
74 3
72 69
64 72
60 37
13 38
44 32
14 31
67 6
56 44
60 19
3 10
20 30
36 48
31 68
66 13
66 38
72 62
66 41
47 64
38 21
48 56
15 8
18 32
26 20
12 72
32 34
76 8
12 69
74 20
40 9
13 78
16 65
2 35
59 6
47 78
24 26
8 16
32 42
28 3
40 4
14 62
42 53
76 20
69 74
12 61
76 69
10 42
4 62
45 46
34 54
52 6
59 70
15 68
17 38
42 39
46 46
78 28
70 47
48 52
42 70
64 60
35 14
8 60
42 30
43 66
75 4
2 40
44 48
14 61
12 36
75 66
30 36
72 7
62 42
6 45
34 56
72 73
56 7
52 42
30 59
8 78
76 38
76 10
20 44
12 53
34 69
31 72
60 7
51 4
22 9
68 48
64 31
40 24
47 38
54 72
38 66
60 58
66 55
51 2
58 12
16 62
56 26
74 19
53 48
34 65
7 2
44 74
18 62
11 30
30 7
40 70
56 48
18 66
38 42
65 8
26 72
34 76
68 45
58 35
74 46
10 40
62 20
22 42
52 74
40 56
70 8
18 53
34 32
12 19
54 58
63 10
72 54
4 9
2 58
58 2
50 19
43 60
68 15
2 12
23 54
57 68
54 20
69 22
30 9
74 43
68 76
25 40
18 28
56 10
36 42
30 8
57 76
55 28
12 10
24 59
4 26
66 42
62 4
52 51
72 58
44 41
6 44
43 72
38 26
35 54
50 62
16 29
20 71
44 3
39 40
70 54
68 40
9 50
15 58
28 33
5 28
60 4
48 71
8 45
65 18
48 33
11 10
72 51
16 41
39 8
2 76
24 38
59 72
2 68
12 54
2 63
78 23
20 74
40 62
62 64
36 76
33 66
32 28
30 2
66 26
16 13
76 49
78 20
48 2
11 78
38 24
35 38
4 48
33 2
31 24
26 27
52 27
42 45
68 18
15 74
75 6
22 24
51 44
62 60
68 38
62 30
69 8
45 32
12 65
40 3
28 38
14 22
34 74
48 44
10 62
16 33
42 22
32 64
10 26
17 66
32 72
3 66
36 66
10 56
34 67
78 16
27 42
60 41
25 44
32 59
18 69
64 6
26 17
36 30
34 42
63 78
37 6
28 30
9 62
12 30
54 25
22 23
14 71
77 40
38 62
22 28
60 55
13 68
51 40
78 50
12 56
9 68
43 64
72 76
4 15
56 52
2 70
66 20
42 5
3 68
30 11
62 50
58 62
4 31
4 5
52 18
37 76
28 23
46 60
78 22
22 37
37 4
6 8
9 12
70 27
54 18
3 70
8 28
3 38
66 52
70 58
44 75
9 60
30 4
20 53
36 46
8 22
48 68
24 68
77 32
60 72
59 18
52 28
14 21
12 48
54 46
18 46
13 56
70 63
2 32
56 24
46 59
13 42
8 71
45 40
78 19
50 29
54 30
72 14
44 12
12 18
64 40
72 9
60 43
30 25
37 54
40 38
58 26
78 69
58 24
46 43
2 69
54 53
60 61
27 2
54 78
16 19
52 63
36 14
40 43
21 68
19 20
9 22
20 49
56 31
21 58
38 22
56 59
20 58
75 28
74 66
62 36
64 52
74 47
58 56
65 20
66 8
34 72
70 19
58 66
32 60
34 11
73 70
28 20
68 74
4 45
24 13
17 76
77 44
47 50
60 2
62 59
54 14
34 16
4 51
54 49
38 17
35 58
36 19
66 46
60 64
40 29
21 40
20 64
68 37
10 22
7 20
22 2
18 63
44 54
6 54
24 2
72 37
47 2
27 10
6 48
32 68
25 34
40 12
30 40
78 55
50 26
37 46
38 33
24 24
64 18
37 30
66 56
70 52
40 66
18 70
12 44
62 14
40 39
12 50
60 68
46 31
56 68
52 56
20 70
34 48
43 2
76 57
4 2
50 66
38 10
12 43
48 29
28 2
3 12
30 56
44 15
53 66
46 26
37 68
36 8
28 50
39 54
46 68
60 39
24 73
22 78
65 22
70 28
39 72
57 2
6 76
48 38
51 70
72 8
22 8
68 46
67 70
44 45
69 52
38 50
56 72
38 60
23 44
12 15
10 30
17 52
78 5
77 66
46 32
56 40
14 30
27 64
30 14
46 38
2 59
63 20
28 57
8 34
22 16
6 9
32 3
72 25
64 36
47 34
11 26
26 68
42 54
23 16
74 53
72 28
54 69
76 44
16 60
18 33
59 10
78 32
8 39
44 2
57 28
66 34
46 2
41 66
62 8
58 25
24 28
8 13
62 2
68 23
6 75
6 46
72 31
18 64
6 72
35 8
8 37
20 76
2 46
38 68
74 33
74 27
52 12
16 14
20 46
32 8
23 74
66 67
50 69
74 18
2 48
14 33
58 18
68 78
9 78
63 36
49 12
17 46
66 59
8 10
4 22
58 45
43 24
70 66
18 58
12 17
40 52
57 32
63 48
36 28
73 24
30 22
34 63
18 42
62 34
21 4
4 71
44 30
72 35
51 78
20 24
40 25
62 44
46 72
72 70
14 40
23 64
10 4
5 50
36 16
74 54
74 38
69 44
8 38
34 35
74 42
11 6
20 61
37 56
64 13
74 78
47 36
38 44
78 24
20 16
47 58
45 52
72 42
51 58
4 59
66 76
64 9
38 41
20 38
14 5
2 33
34 18
61 10
3 54
22 56
16 72
50 67
37 52
4 46
30 48
20 18
22 32
40 60
40 2
68 21
42 56
66 74
26 53
48 72
26 28
49 10
58 51
26 36
55 12
73 2
22 54
13 60
10 34
18 16
66 50
4 30
25 54
74 22
59 26
31 46
39 64
46 65
2 60
38 74
66 32
78 63
56 4
68 62
64 32
22 38
46 17
67 56
18 5
36 6
71 22
48 30
24 20
34 45
69 78
32 32
67 62
78 61
30 78
78 41
8 8
69 12
24 60
72 2
36 60
44 51
72 24
2 31
18 41
9 48
74 24
3 28
16 22
46 19
29 54
56 58
72 30
18 39
3 46
31 54
40 50
73 22
2 26
52 37
29 70
42 52
34 5
6 11
4 6
53 2
32 73
35 74
6 4
7 24
8 74
69 6
26 47
55 18
67 2
10 72
16 2
5 40
16 3
78 38
11 58
63 52
72 63
33 56
58 8
78 51
62 6
61 28
26 9
28 19
31 52
56 66
12 5
12 28
52 70
64 8
60 42
12 16
26 52
62 28
34 60
8 26
76 41
2 30
30 10
21 6
30 33
64 66
12 4
19 2
19 44
34 52
56 60
4 17
64 74
12 40
69 48
74 13
4 50
74 6
6 2
56 2
15 72
70 24
54 35
56 28
48 26
50 40
52 68
66 54
57 50
18 61
73 40
22 68
63 38
16 28
10 39
30 64
8 62
76 19
27 8
31 42
14 15
40 55
25 24
39 12
60 33
12 8
8 63
17 48
54 28
64 26
67 36
70 56
56 38
18 30
67 32
78 30
36 63
20 68
18 34
10 68
20 62
42 13
26 31
12 14
18 44
61 40
64 27
78 17
72 16
42 48
47 16
28 70
24 32
72 46
3 30
20 59
38 76
16 74
62 18
15 36
42 2
4 38
24 9
78 60
26 2
14 60
42 72
61 72
42 44
36 26
55 70
24 49
26 51
72 72
44 36
7 64
11 8
26 46
5 74
24 75
8 54
56 37
73 62
20 65
37 50
14 36
20 32
45 38
56 9
26 12
14 8
22 14
62 69
78 14
38 78
34 8
60 45
14 47
22 17
70 2
16 10
74 49
50 76
6 52
34 46
53 76
70 7
40 16
46 56
30 15
3 24
69 54
38 56
36 33
9 24
24 6
68 71
20 14
76 70
49 4
37 70
52 16
23 6
19 10
37 58
26 32
61 62
12 70
40 32
38 75
48 40
6 24
74 74
10 10
44 50
60 26
50 55
68 50
70 6
69 36
18 31
12 38
46 11
28 78
58 10
38 4
14 74
52 52
63 64
44 28
75 38
29 20
16 18
18 72
48 73
42 68
76 58
35 56
26 18
50 37
76 61
38 15
38 63
37 28
36 74
46 67
67 74
15 50
14 52
61 56
46 76
60 38
20 77
66 22
62 40
24 16
14 24
38 54
6 28
65 44
48 42
4 77
28 42
53 20
40 69
32 4
26 78
59 60
76 33
38 32
18 6
43 74
68 42
14 54
21 24
74 55
52 71
71 72
16 23
66 70
4 72
28 46
65 66
54 15
40 72
28 22
59 66
54 47
38 64
35 24
55 20
28 4
42 18
17 70
50 46
14 19
12 25
6 40
8 6
3 36
36 54
58 28
77 72
48 60
13 28
28 48
48 66
15 40
36 69
50 23
64 17
66 64
7 26
49 48
24 22
28 14
5 52
77 52
28 77
28 75
64 10
38 67
27 38
68 54
62 51
41 28
61 24
42 69
14 20
78 18
78 25
70 62
32 51
23 56
64 16
26 6
68 6
54 33
2 21
62 38
29 14
32 41
7 30
62 65
78 70
4 66
62 19
54 60
38 37
28 24
10 63
50 22
52 13
36 40
74 44
7 74
60 34
20 9
10 51
76 56
47 24
71 42
48 34
28 54
39 2
48 46
54 52
38 72
44 40
12 6
67 64
28 56
33 58
36 62
22 52
38 8
48 6
11 16
78 64
27 48
70 38
48 20
45 2
61 48
54 56
35 16
26 42
66 30
60 60
57 20
42 38
16 30
65 42
2 78
14 64
54 9
16 49
42 74
32 24
32 76
14 38
72 56
37 78
62 7
70 11
70 12
35 40
46 42
63 42
36 65
61 14
58 13
59 64
60 15
62 33
68 12
64 64
52 57
36 52
36 24
52 10
22 6
50 14
34 30
68 17
57 22
22 10
16 38
54 31
75 20
28 52
70 78
24 25
62 72
70 16
14 78
2 57
48 74
62 70
14 58
48 25
44 26
17 58
48 10
23 32
39 56
28 66
31 62
4 73
56 29
27 24
69 20
24 72
42 8
62 52
2 51
43 54
24 51
10 66
24 48
54 64
20 66
36 9
61 74
20 40
14 32
46 47
56 14
34 4
17 36
68 68
66 10
50 16
12 42
12 66
74 8
65 30
41 24
48 22
54 34
7 32
65 60
43 70
76 47
76 21
60 69
41 18
24 71
78 37
74 56
53 18
54 62
33 76
10 32
20 6
44 46
62 75
21 76
38 58
38 27
20 54
13 2
66 12
52 58
76 46
75 70
3 2
55 52
42 32
40 40
72 26
50 68
21 32
34 71
30 26
27 6
25 52
44 7
19 4
2 8
32 2
62 54
76 52
42 9
32 71
16 70
63 14
78 40
33 22
64 22
10 24
42 66
6 70
46 77
72 43
78 46
28 16
4 10
65 34
66 21
26 66
60 30
31 44
52 59
60 12
40 51
77 12
14 72
78 8
31 76
32 62
48 50
8 76
66 14
63 16
44 77
74 69
25 66
30 49
28 8
67 60
16 43
58 31
64 78
76 40
78 9
56 34
4 32
46 23
78 74
59 30
77 2
70 59
27 46
30 12
32 56
76 17
16 16
20 55
56 30
67 28
61 76
72 34
17 28
42 24
52 17
22 77
8 42
26 67
44 35
28 18
62 55
38 43
43 68
44 78
32 33
74 59
40 48
24 11
72 64
52 75
42 51
9 26
42 42
75 64
2 39
26 77
12 55
23 78
60 27
44 68
62 23
25 6
52 38
74 2
15 76
22 64
23 48
65 24
22 59
41 78
20 2
24 56
6 26
58 9
58 40
52 65
24 30
50 43
11 32
25 18
69 4
58 38
75 78
10 54
46 44
20 22
48 62
25 70
74 48
66 73
37 72
8 7
56 20
8 44
38 36
40 6
22 62
65 38
60 36
76 14
10 6
42 19
67 50
17 20
56 16
76 66
34 49
48 7
62 68
78 42
78 10
60 10
10 37
28 39
32 27
48 53
76 72
34 24
10 5
58 64
18 60
69 34
57 38
33 38
10 46
12 32
31 36
66 72
4 36
49 18
69 32
34 29
21 42
30 58
76 78
2 66
42 27
64 69
21 12
45 22
38 2
46 34
22 35
76 36
22 34
43 36
54 38
48 18
52 20
72 74
22 48
53 22
78 15
56 6
53 26
44 29
39 66
56 61
24 4
44 56
6 49
32 38
30 30
78 52
44 67
68 60
40 20
57 54
12 46
46 54
78 12
12 76
70 26
32 6
6 30
71 2
12 73
68 61
35 48
2 18
18 15
18 74
46 74
33 32
5 34
55 4
69 58
6 74
59 20
43 16
58 44
52 41
15 2
50 38
6 58
24 76
39 52
6 20
41 6
2 10
10 55
18 14
4 78
30 51
64 38
16 76
35 78
13 4
75 52
30 18
24 46
3 56
18 17
66 44
32 50
28 10
56 22
16 27
50 4
4 63
42 14
52 34
56 32
52 36
63 40
56 64
18 22
2 53
31 18
74 67
36 70
19 48
53 72
42 73
30 29
11 34
55 72
68 55
18 59
50 58
41 8
38 30
4 65
64 20
24 3
36 4
45 42
78 7
26 13
51 42
78 26
10 36
8 77
34 44
70 75
19 12
42 3
26 21
41 76
67 68
8 55
4 44
2 74
30 6
48 70
54 8
51 46
66 27
29 32
28 67
22 73
64 33
60 40
8 32
45 70
18 48
59 78
2 50
2 23
18 56
30 57
39 78
7 60
20 26
74 36
72 20
49 14
66 15
62 22
29 38
44 58
33 60
15 14
52 33
8 24
27 70
56 42
44 59
2 28
59 12
46 48
14 76
58 67
4 18
76 2
15 78
9 66
22 51
6 71
32 69
24 70
31 28
10 19
67 48
62 46
77 64
13 66
36 2
30 17
51 32
74 62
12 60
46 20
30 32
44 38
72 68
11 76
56 76
68 52
21 56
36 35
56 25
37 12
63 54
25 28
75 22
54 59
26 30
14 10
22 66
60 31
13 34
67 40
20 4
53 38
23 26
62 43
52 24
76 4
50 50
11 52
68 20
26 62
74 28
78 45
19 30
2 49
2 71
36 61
8 70
48 48
76 76
48 21
32 65
18 77
44 55
32 54
56 56
7 56
20 20
10 75
67 58
48 9
21 66
58 37
74 58
8 4
60 22
76 26
48 64
30 54
14 68
46 40
22 60
26 74
19 74
2 75
18 8
33 24
69 72
55 2
16 20
24 66
44 34
12 64
2 73
64 4
7 76
18 13
62 10
20 33
70 4
75 30
62 62
49 20
6 68
9 42
16 66
44 25
70 22
64 30
48 45
76 68
45 62
60 70
62 24
42 12
14 56
60 66
13 24
68 24
12 26
9 14
78 47
10 2
75 14
28 60
46 8
62 31
56 70
30 70
26 70
53 36
30 65
29 36
38 46
36 44
18 25
66 11
12 78
50 44
2 65
14 43
36 5
10 43
40 21
70 36
18 40
44 10
40 17
50 78
48 47
69 42
22 18
28 64
54 16
22 11
14 2
72 17
76 5
30 44
15 54
58 58
36 73
19 24
21 20
28 26
77 30
21 46
15 16
75 56
43 62
16 26
52 72
46 5
64 46
4 13
33 36
16 63
48 14
40 31
12 49
66 36
42 64
52 40
2 47
22 70
36 32
2 14
2 3
22 76
56 43
33 48
44 52
64 65
45 14
51 24
46 16
10 28
28 73
30 21
36 18
49 26
33 44
65 50
48 23
36 45
60 18
34 20
56 33
14 34
14 45
3 42
74 15
7 4
76 6
70 18
62 26
34 38
23 40
46 49
60 6
3 78
32 40
12 12
59 58
2 24
44 62
21 28
30 42
66 40
44 42
40 78
24 78
60 35
29 78
2 16
24 34
24 18
71 60
55 22
64 54
66 5
30 5
44 60
10 8
10 74
28 49
76 12
56 36
73 28
52 2
44 24
38 59
15 38
8 17
50 15
16 53
54 24
52 54
68 72
66 37
30 76
36 68
56 54
35 22
18 54
11 48
62 3
5 58
40 71
31 78
2 44
6 43
48 59
44 21
70 46
32 78
38 6
72 6
10 44
58 46
74 35
36 59
23 60
49 30
48 76
18 51
40 22
8 48
29 26
26 48
58 48
78 54
77 54
42 61
2 36
39 16
54 6
4 28
51 50
42 62
26 60
34 50
58 36
78 39
8 50
2 38
62 12
78 71
53 6
28 29
8 30
68 41
12 58
32 7
5 78
45 26
52 30
50 33
6 64
26 54
38 18
72 11
44 76
26 38
70 77
16 68
34 70
11 72
54 74
36 41
74 30
76 62
65 2
58 60
28 32
78 77
2 5
50 39
16 58
22 58
4 12
74 68
26 4
32 25
16 25
46 61
73 58
18 78
34 10
19 64
4 21
20 27
64 61
4 8
14 66
70 74
58 43
53 8
72 45
8 58
13 46
20 50
15 60
53 24
21 2
6 41
42 33
64 25
33 34
60 46
54 42
42 11
78 13
10 69
50 30
56 65
58 68
57 70
5 62
21 74
10 20
36 78
78 31
17 34
30 66
50 60
24 44
76 16
60 52
44 57
71 14
72 48
36 72
42 34
18 2
43 30
24 8
65 72
4 68
60 49
24 58
35 28
50 6
68 25
3 44
22 19
25 78
36 12
46 50
20 78
22 74
58 76
34 28
14 53
47 18
63 28
46 36
64 56
48 78
57 24
74 7
72 77
66 63
19 26
72 71
40 36
72 50
31 38
52 4
14 46
22 29
34 22
18 57
61 64
22 3
26 37
60 74
72 4
51 10
10 65
60 23
52 62
34 41
32 14
25 68
23 8
72 67
56 50
9 16
32 46
20 51
66 6
62 29
54 43
70 32
30 28
8 41
66 78
46 24
24 64
8 2
20 36
52 53
39 74
35 26
70 50
48 28
36 36
57 40
61 66
78 21
40 61
8 72
78 62
70 13
24 47
2 13
